00000000
11100101
11111111
11111111
01101101
10000001
01100110
10001110
01111000
01100111
11100011
01101011
11111111
01100111
01100011
01111000
10000010
11010011
01001100
01100100
10001100
01100111
10001011
10001011
10110011
10000011
10000011
11011110
00111100
10000011
10000011
10000011
10000011
10000011
01111000
10000010
01100101
01100001
11010001
01000010
11111111
11011110
00111110
11100101
11111111
11111111
00010101
11110000
00100010
01100100
10001100
10001100
11111111
00010010
11111111
11111111
01100111
11100111
11101100
10001100
10001000
11100101
01010100
10000001
11111111
11111111
01111000
10000010
11110000
00100010
01100000
01100100
10001100
10001100
11111111
11111111
00010001
01100000
10001100
10001000
01010100
10000001
11111010
00110001
00011011
11111111
11111111
01100111
10001111
01100110
01010110
10000001
11011101
00111111
00000000